optimize assing_cost later to only do a part of list, in case the list is very long. 

store next value (or its index???) somewhere in the node, so you dont need to look for it twice

NEED TO OPTIMIZE a bit

cost value does not calculate that you can use RR and RRR

SPLIT the big functions

why the code needs rotate max up? FIX THIS

INF LOOP
694 678 755 274 161 108 150 534 105 800 471 237 63 212 62 520 782 523 870 170 214 48 319 490 129 39 769 933 664 279 333 710 957 89 336 470 549 838 5 655 991 828 892 54 40 306 926 174 181 796 344 396 196 886 325 703 7 610 719 286 944 781 244 385 118 714 934 956 71 589 947 899 833 353 939 139 466 321 427 810 69 623 826 307 301 881 314 263 952 601 559 734 197 852 911 231 160 335 820 460 
116 822 458 493 763 704 718 691 863 554 274 841 986 111 349 239 544 773 243 874 406 56 298 437 465 381 230 922 290 762 716 758 584 526 251 699 231 322 742 446 876 369 287 214 832 988 806 377 49 168 457 902 958 923 283 188 845 925 302 914 35 238 440 289 671 961 32 470 837 401 757 403 233 746 209 962 860 610 566 380 68 468 338 991 103 878 532 102 416 770 895 55 60 16 444 36 205 197 146 609 
177 649 357 453 125 268 710 574 190 746 635 668 516 605 628 185 109 84 249 682 107 738 104 427 232 834 749 362 822 157 935 999 807 644 804 284 264 514 858 454 613 493 122 129 451 750 666 560 187 916 
